ThermoGPU PR batch benchmark
Mixture: CH4/C2H6, deterministic varying P/T/z states
Timing: calibrated to ~200 ms/sample; median of 9 samples after warm-up; validation excluded
Spread: min/median/max ns/state; MAD% = median absolute deviation / median
OpenMP max threads at startup: 8

Backend    Threads      States     Calls    min ns/st    med ns/st    max ns/st      MAD%           EOS/s     Speedup
scalar           1           1    286505        576.5        595.4        660.1      1.58       1.680e+06       1.000
OpenMP           1           1    106475       1801.0       1830.6       2138.0      1.62       5.463e+05       0.325
OpenMP           2           1     64158       2850.8       3029.7       3106.0      2.28       3.301e+05       0.197
OpenMP           4           1     77863       2981.8       3094.8       3501.8      3.02       3.231e+05       0.192
OpenMP           8           1     47368       4220.9       4515.1       4998.9      5.44       2.215e+05       0.132

scalar           1          10     49432        381.1        384.9        386.7      0.33       2.598e+06       1.000
OpenMP           1          10     36777        544.5        545.7        550.6      0.09       1.832e+06       0.705
OpenMP           2          10     34159        499.6        522.5        527.3      0.89       1.914e+06       0.737
OpenMP           4          10     42446        466.1        470.2        492.1      0.38       2.127e+06       0.819
OpenMP           8          10     38644        521.4        565.5        777.9      7.52       1.768e+06       0.681

scalar           1         100      5375        349.4        350.3        351.1      0.12       2.855e+06       1.000
OpenMP           1         100      5106        392.2        393.6        398.3      0.23       2.541e+06       0.890
OpenMP           2         100      8460        237.2        237.8        238.5      0.11       4.206e+06       1.473
OpenMP           4         100     13462        148.3        149.8        166.9      0.92       6.676e+06       2.338
OpenMP           8         100     13541        143.8        150.0        255.1      2.14       6.667e+06       2.335

scalar           1        1000       541        341.4        346.2        354.1      0.32       2.888e+06       1.000
OpenMP           1        1000       530        376.8        377.8        406.9      0.23       2.647e+06       0.916
OpenMP           2        1000      1002        196.2        198.0        212.9      0.64       5.052e+06       1.749
OpenMP           4        1000      1888        106.8        107.7        127.3      0.83       9.289e+06       3.216
OpenMP           8        1000        35        161.5        263.8        442.5     26.50       3.790e+06       1.312

scalar           1       10000        56        339.0        345.0        351.8      0.92       2.899e+06       1.000
OpenMP           1       10000        52        385.6        386.1        386.9      0.04       2.590e+06       0.894
OpenMP           2       10000        98        203.0        204.0        227.2      0.48       4.902e+06       1.691
OpenMP           4       10000       177        112.6        113.4        120.6      0.60       8.816e+06       3.042
OpenMP           8       10000       181        109.2        110.5        125.9      1.20       9.051e+06       3.123

scalar           1      100000         6        355.6        361.6        369.3      0.61       2.765e+06       1.000
OpenMP           1      100000         5        388.2        395.1        437.1      0.56       2.531e+06       0.915
OpenMP           2      100000        10        207.2        208.4        210.9      0.45       4.798e+06       1.735
OpenMP           4      100000        17        115.1        117.6        127.3      1.39       8.503e+06       3.075
OpenMP           8      100000        18        113.0        113.6        117.6      0.59       8.800e+06       3.182

scalar           1     1000000         1        346.1        373.2        392.6      5.19       2.679e+06       1.000
OpenMP           1     1000000         1        379.9        400.5        411.5      2.75       2.497e+06       0.932
OpenMP           2     1000000         1        196.3        204.5        231.4      4.04       4.889e+06       1.825
OpenMP           4     1000000         2        117.9        119.1        132.3      0.89       8.396e+06       3.133
OpenMP           8     1000000         2        113.6        114.3        122.8      0.29       8.750e+06       3.266

