ThermoGPU PR batch benchmark
Mixture: CH4/C2H6, deterministic varying P/T/z states
Timing: calibrated to ~200 ms/sample; median of 9 samples after warm-up; validation excluded
Spread: min/median/max ns/state; MAD% = median absolute deviation / median
OpenMP max threads at startup: 8
CUDA: enabled (resident-kernel and end-to-end rows)

Backend    Threads      States     Calls    min ns/st    med ns/st    max ns/st      MAD%           EOS/s     Speedup  Status
scalar           1        3200       176        343.1        356.3        412.0      3.20       2.807e+06       1.000        
OpenMP           1        3200       151        394.0        397.5        420.0      0.77       2.516e+06       0.896        
OpenMP           2        3200       294        209.4        210.0        219.2      0.27       4.762e+06       1.697        
OpenMP           4        3200       561        111.9        114.9        131.1      1.96       8.706e+06       3.102        
OpenMP           8        3200       338        107.1        110.9        346.9      3.37       9.017e+06       3.213        
CUDA-res         0        3200      2515         20.0         20.0         21.6      0.06       5.007e+07      17.839        
CUDA-e2e         0        3200       521        118.5        119.2        121.4      0.15       8.387e+06       2.988        

scalar           1        3400       167        338.2        338.7        340.4      0.13       2.952e+06       1.000        
OpenMP           1        3400       150        390.6        390.8        392.8      0.02       2.559e+06       0.867        
OpenMP           2        3400       278        207.8        210.2        212.2      0.85       4.757e+06       1.611        
OpenMP           4        3400       510        110.1        112.5        126.2      1.49       8.886e+06       3.010        
OpenMP           8        3400       574        103.3        104.5        107.5      0.95       9.567e+06       3.241        
CUDA-res         0        3400      3070         19.1         19.1         19.3      0.10       5.240e+07      17.751        
CUDA-e2e         0        3400       494        119.1        119.3        120.5      0.12       8.381e+06       2.839        

scalar           1        3600       163        338.4        339.6        361.9      0.24       2.944e+06       1.000        
OpenMP           1        3600       143        390.7        391.7        403.6      0.20       2.553e+06       0.867        
OpenMP           2        3600       262        210.0        211.2        214.8      0.24       4.736e+06       1.608        
OpenMP           4        3600       506        109.6        112.0        133.4      1.77       8.928e+06       3.032        
OpenMP           8        3600       534        102.5        105.8        107.4      1.48       9.449e+06       3.209        
CUDA-res         0        3600      3076         18.0         18.0         18.1      0.03       5.544e+07      18.830        
CUDA-e2e         0        3600       490        113.3        113.5        114.9      0.15       8.809e+06       2.992        

scalar           1        3800       151        338.2        338.3        341.5      0.03       2.956e+06       1.000        
OpenMP           1        3800       135        392.2        393.1        401.0      0.25       2.544e+06       0.860        
OpenMP           2        3800       230        209.8        212.1        217.7      0.62       4.715e+06       1.595        
OpenMP           4        3800       479        110.7        114.4        143.6      2.02       8.741e+06       2.957        
OpenMP           8        3800        55        102.5        104.1        110.9      1.51       9.608e+06       3.250        
CUDA-res         0        3800      3140         16.7         16.7         17.1      0.06       5.984e+07      20.240        
CUDA-e2e         0        3800       452        108.4        108.8        109.8      0.33       9.193e+06       3.110        

scalar           1        4000       146        338.4        338.8        345.0      0.09       2.952e+06       1.000        
OpenMP           1        4000       129        391.1        391.9        399.7      0.15       2.552e+06       0.864        
OpenMP           2        4000       238        209.6        212.1        216.1      0.58       4.714e+06       1.597        
OpenMP           4        4000       259        110.0        113.8        199.2      2.67       8.787e+06       2.977        
OpenMP           8        4000       488        102.7        106.8        118.3      1.64       9.360e+06       3.171        
CUDA-res         0        4000      2458         16.3         16.3         18.5      0.01       6.144e+07      20.815        
CUDA-e2e         0        4000       480        104.3        104.6        106.4      0.24       9.558e+06       3.238        

scalar           1        4200       134        339.2        341.1        369.7      0.39       2.931e+06       1.000        
OpenMP           1        4200       120        391.0        395.3        403.5      0.90       2.530e+06       0.863        
OpenMP           2        4200       220        210.2        213.3        236.2      1.43       4.688e+06       1.599        
OpenMP           4        4200       435        110.2        112.5        121.5      1.09       8.885e+06       3.031        
OpenMP           8        4200       461        102.7        105.7        133.8      1.97       9.457e+06       3.226        
CUDA-res         0        4200      2582         18.4         18.4         18.6      0.07       5.427e+07      18.513        
CUDA-e2e         0        4200       454        103.6        103.7        105.7      0.06       9.641e+06       3.289        

scalar           1        4400       134        338.7        339.2        349.5      0.11       2.948e+06       1.000        
OpenMP           1        4400       117        392.3        393.9        399.5      0.32       2.538e+06       0.861        
OpenMP           2        4400       202        209.7        210.6        217.3      0.36       4.749e+06       1.611        
OpenMP           4        4400       412        110.7        111.9        135.1      0.75       8.938e+06       3.031        
OpenMP           8        4400       444        102.8        107.9        158.3      3.84       9.270e+06       3.144        
CUDA-res         0        4400      2575         17.6         17.6         17.7      0.05       5.668e+07      19.225        
CUDA-e2e         0        4400       453        100.1        100.3        101.2      0.24       9.969e+06       3.381        

scalar           1        4600       128        338.2        338.8        346.3      0.17       2.952e+06       1.000        
OpenMP           1        4600       112        392.4        393.2        403.3      0.10       2.543e+06       0.862        
OpenMP           2        4600       207        209.6        210.7        215.2      0.50       4.747e+06       1.608        
OpenMP           4        4600       396        110.2        111.0        112.3      0.31       9.011e+06       3.053        
OpenMP           8        4600       426        102.3        104.0        107.9      1.57       9.620e+06       3.259        
CUDA-res         0        4600      2580         16.8         16.8         16.9      0.01       5.938e+07      20.117        
CUDA-e2e         0        4600       446         97.0         97.2         98.1      0.06       1.029e+07       3.486        

scalar           1        4800       123        338.4        338.6        351.4      0.04       2.953e+06       1.000        
OpenMP           1        4800       107        392.3        392.9        401.8      0.15       2.545e+06       0.862        
OpenMP           2        4800       199        209.9        210.4        215.1      0.24       4.753e+06       1.610        
OpenMP           4        4800       378        110.1        113.6        132.2      2.51       8.804e+06       2.981        
OpenMP           8        4800       405        102.7        106.1        115.7      2.44       9.424e+06       3.191        
CUDA-res         0        4800      2067         16.2         16.2         19.5      0.07       6.185e+07      20.943        
CUDA-e2e         0        4800       446         91.5         91.9         93.9      0.40       1.088e+07       3.683        

GPU crossover summary: CUDA speedup relative to fastest stable measured CPU backend
States    CPU-best         CPU ns/st      CUDA-res     res/CPU      CUDA-e2e     e2e/CPU
3200      OMP8                 110.9          20.0       5.553         119.2       0.930
3400      OMP8                 104.5          19.1       5.477         119.3       0.876
3600      OMP8                 105.8          18.0       5.868         113.5       0.932
3800      OMP8                 104.1          16.7       6.228         108.8       0.957
4000      OMP8                 106.8          16.3       6.565         104.6       1.021
4200      OMP8                 105.7          18.4       5.739         103.7       1.019
4400      OMP8                 107.9          17.6       6.115         100.3       1.075
4600      OMP8                 104.0          16.8       6.173          97.2       1.070
4800      OMP8                 106.1          16.2       6.563          91.9       1.154

Crossover note: values > 1 mean CUDA is faster than the measured CPU envelope. Bracket crossover from adjacent measured points around 1; no GPU fit is applied.
