ThermoGPU PR batch benchmark
Mixture: CH4/C2H6, deterministic varying P/T/z states
Timing: calibrated to ~200 ms/sample; median of 9 samples after warm-up; validation excluded
Spread: min/median/max ns/state; MAD% = median absolute deviation / median
OpenMP max threads at startup: 8
CUDA: enabled (resident-kernel and end-to-end rows)

Backend    Threads      States     Calls    min ns/st    med ns/st    max ns/st      MAD%           EOS/s     Speedup  Status
scalar           1           1    310020        598.1        611.7        684.1      2.06       1.635e+06       1.000        
OpenMP           1           1     99575       1828.8       1843.0       1948.2      0.77       5.426e+05       0.332        
OpenMP           2           1     66649       3009.0       3092.4       3139.9      0.79       3.234e+05       0.198        
OpenMP           4           1     60643       2834.5       3264.1       3404.8      4.31       3.064e+05       0.187        
OpenMP           8           1     38996       4264.7       4666.4      38980.9      7.69       2.143e+05       0.131        
CUDA-res         0           1      6288      26223.3      26238.3      30863.0      0.06       3.811e+04       0.023        
CUDA-e2e         0           1       715     278856.0     279430.2     279684.2      0.07       3.579e+03       0.002        

scalar           1          10     52298        383.2        384.1        385.7      0.20       2.604e+06       1.000        
OpenMP           1          10     35821        556.1        557.3        566.2      0.10       1.794e+06       0.689        
OpenMP           2          10     35685        506.1        516.4        529.7      1.15       1.936e+06       0.744        
OpenMP           4          10     41311        466.2        471.7        489.1      0.99       2.120e+06       0.814        
OpenMP           8          10     34300        541.1        561.6        688.6      2.93       1.781e+06       0.684        
CUDA-res         0          10      4944       3298.2       3300.3       3939.5      0.06       3.030e+05       0.116        
CUDA-e2e         0          10       687      28704.1      28829.5      29133.4      0.04       3.469e+04       0.013        

scalar           1         100      5869        341.2        341.9        344.5      0.19       2.925e+06       1.000        
OpenMP           1         100      4895        406.5        420.1        464.5      2.18       2.381e+06       0.814        
OpenMP           2         100      7630        237.5        239.8        250.3      0.76       4.171e+06       1.426        
OpenMP           4         100     13735        143.6        145.3        152.3      0.19       6.884e+06       2.353        
OpenMP           8         100     13227        144.3        151.3        189.2      3.41       6.607e+06       2.259        
CUDA-res         0         100      5897        336.3        336.6        337.9      0.08       2.970e+06       1.015        
CUDA-e2e         0         100       682       2915.0       2928.1       2941.1      0.31       3.415e+05       0.117        

scalar           1        1000       594        337.6        338.1        339.1      0.09       2.957e+06       1.000        
OpenMP           1        1000       512        391.2        391.6        393.2      0.10       2.554e+06       0.864        
OpenMP           2        1000       974        203.0        204.0        208.6      0.36       4.902e+06       1.658        
OpenMP           4        1000      1820        108.8        112.1        130.2      1.45       8.918e+06       3.016        
OpenMP           8        1000      1855        105.1        107.4        121.9      0.95       9.307e+06       3.147        
CUDA-res         0        1000      5755         34.5         34.5         34.7      0.12       2.897e+07       9.795        
CUDA-e2e         0        1000       607        316.7        320.4        334.0      0.80       3.121e+06       1.056        

scalar           1       10000        60        338.2        339.3        346.3      0.24       2.947e+06       1.000        
OpenMP           1       10000        49        388.9        394.2        410.1      1.13       2.537e+06       0.861        
OpenMP           2       10000        99        199.8        207.1        238.8      3.35       4.828e+06       1.638        
OpenMP           4       10000       171        107.5        113.0        135.1      2.30       8.847e+06       3.002        
OpenMP           8       10000       174        115.6        214.1        295.9     23.56       4.670e+06       1.584UNSTABLE
CUDA-res         0       10000      1031         16.4         16.5         17.3      0.15       6.065e+07      20.579        
CUDA-e2e         0       10000       295         67.2         67.3         67.6      0.12       1.487e+07       5.044        

scalar           1      100000         6        338.3        339.9        351.8      0.27       2.942e+06       1.000        
OpenMP           1      100000         5        402.1        405.7        410.5      0.52       2.465e+06       0.838        
OpenMP           2      100000         9        213.4        215.8        219.3      0.56       4.633e+06       1.575        
OpenMP           4      100000        17        119.1        121.7        139.8      1.61       8.215e+06       2.792        
OpenMP           8      100000        17        115.5        118.0        121.0      0.46       8.477e+06       2.881        
CUDA-res         0      100000       147         13.6         13.7         13.7      0.01       7.322e+07      24.887        
CUDA-e2e         0      100000        29         69.7         69.9         71.4      0.32       1.431e+07       4.864        

scalar           1     1000000         1        342.3        366.7        372.0      1.45       2.727e+06       1.000        
OpenMP           1     1000000         1        392.8        397.4        424.9      1.16       2.516e+06       0.923        
OpenMP           2     1000000         1        202.7        207.9        231.7      2.54       4.809e+06       1.763        
OpenMP           4     1000000         2        120.3        120.7        133.6      0.22       8.282e+06       3.037        
OpenMP           8     1000000         2        116.5        118.4        131.6      1.54       8.448e+06       3.098        
CUDA-res         0     1000000        16         13.3         13.3         13.3      0.01       7.533e+07      27.623        
CUDA-e2e         0     1000000         4         57.1         57.2         57.6      0.16       1.748e+07       6.409        

