ThermoGPU PR batch benchmark
Mixture: CH4/C2H6, deterministic varying P/T/z states
Timing: calibrated to ~200 ms/sample; median of 9 samples after warm-up; validation excluded
Spread: min/median/max ns/state; MAD% = median absolute deviation / median
OpenMP max threads at startup: 8

Backend    Threads      States     Calls    min ns/st    med ns/st    max ns/st      MAD%           EOS/s     Speedup  Status
scalar           1          10     44646        377.4        408.7        502.6      7.46       2.447e+06       1.000        
OpenMP           1          10     35889        545.7        553.7        596.1      0.84       1.806e+06       0.738        
OpenMP           2          10     39458        510.0        530.4        564.1      0.84       1.885e+06       0.771        
OpenMP           4          10     41947        429.6        457.3        505.5      5.16       2.187e+06       0.894        
OpenMP           8          10     37957        523.6        554.7        720.1      4.88       1.803e+06       0.737        

scalar           1          15     36007        358.4        360.2        371.9      0.35       2.776e+06       1.000        
OpenMP           1          15     26370        492.1        494.6        518.7      0.43       2.022e+06       0.728        
OpenMP           2          15     31508        418.2        424.1        460.1      0.51       2.358e+06       0.849        
OpenMP           4          15     39722        331.1        351.3        369.2      3.16       2.847e+06       1.025        
OpenMP           8          15     37260        357.6        370.1        383.8      2.36       2.702e+06       0.973        

scalar           1          20     28151        349.6        350.2        370.9      0.17       2.855e+06       1.000        
OpenMP           1          20     21545        462.9        464.6        472.4      0.30       2.153e+06       0.754        
OpenMP           2          20     27251        363.7        367.3        380.5      0.22       2.723e+06       0.953        
OpenMP           4          20     34777        286.4        291.6        311.2      1.11       3.430e+06       1.201        
OpenMP           8          20     32340        306.4        309.5        366.4      0.93       3.231e+06       1.132        

scalar           1          25     22882        343.7        344.8        346.9      0.27       2.900e+06       1.000        
OpenMP           1          25     17363        444.1        447.4        456.8      0.74       2.235e+06       0.771        
OpenMP           2          25     23889        326.9        333.0        339.4      0.86       3.003e+06       1.036        
OpenMP           4          25     30042        262.7        265.8        305.9      0.66       3.763e+06       1.297        
OpenMP           8          25     29044        275.6        285.9        390.5      3.05       3.497e+06       1.206        

scalar           1          30     19553        340.3        341.2        342.8      0.17       2.931e+06       1.000        
OpenMP           1          30     15348        433.9        434.8        444.5      0.18       2.300e+06       0.785        
OpenMP           2          30     21968        304.8        306.1        309.6      0.42       3.267e+06       1.115        
OpenMP           4          30     28238        236.1        241.2        258.6      0.89       4.147e+06       1.415        
OpenMP           8          30     27794        235.5        245.3        623.4      1.82       4.077e+06       1.391        

scalar           1          40     14861        337.6        338.2        345.4      0.19       2.957e+06       1.000        
OpenMP           1          40     11909        419.7        420.7        422.8      0.20       2.377e+06       0.804        
OpenMP           2          40     16927        283.1        285.3        290.0      0.71       3.505e+06       1.185        
OpenMP           4          40     24656        202.6        203.3        205.6      0.28       4.918e+06       1.663        
OpenMP           8          40     19547        198.3        205.8        213.9      2.69       4.859e+06       1.643        

scalar           1          50     11594        335.8        336.5        344.1      0.17       2.972e+06       1.000        
OpenMP           1          50      9287        412.4        420.5        434.3      1.67       2.378e+06       0.800        
OpenMP           2          50     14971        260.4        261.9        269.1      0.36       3.818e+06       1.285        
OpenMP           4          50     21626        182.1        185.0        200.1      0.93       5.405e+06       1.819        
OpenMP           8          50     20883        181.8        193.2        456.2      5.01       5.176e+06       1.742        

scalar           1          60      9680        334.5        335.8        343.3      0.38       2.978e+06       1.000        
OpenMP           1          60      8142        407.4        407.6        410.7      0.03       2.453e+06       0.824        
OpenMP           2          60     13096        252.1        254.9        262.2      0.83       3.923e+06       1.317        
OpenMP           4          60     20284        164.6        168.0        187.4      0.78       5.951e+06       1.998        
OpenMP           8          60     19198        166.7        169.0        210.3      0.89       5.918e+06       1.987        

scalar           1          75      7073        333.2        334.7        369.9      0.27       2.988e+06       1.000        
OpenMP           1          75      6633        402.3        403.7        416.9      0.34       2.477e+06       0.829        
OpenMP           2          75     10737        245.9        247.8        249.0      0.42       4.036e+06       1.351        
OpenMP           4          75     16859        156.0        158.3        165.2      0.98       6.317e+06       2.114        
OpenMP           8          75     16952        158.8        162.8        207.3      2.31       6.141e+06       2.055        

scalar           1         100      5486        331.2        331.9        335.4      0.20       3.013e+06       1.000        
OpenMP           1         100      5052        395.5        397.9        403.0      0.32       2.513e+06       0.834        
OpenMP           2         100      8671        229.7        230.6        232.5      0.23       4.336e+06       1.439        
OpenMP           4         100     14195        140.3        142.0        190.5      1.18       7.044e+06       2.338        
OpenMP           8         100     13988        139.5        142.0        159.3      1.73       7.041e+06       2.337        

Performance model: T(N) = a + b*N, fitted to stable crossover medians
Backend    Threads   Points       a (us)    b (ns/state)       R^2   RMS resid (us)  Crossover vs scalar
scalar           1       10        0.546         326.307   0.99986            0.107                 n/a
OpenMP           1       10        1.685         381.187   0.99990            0.105                 n/a
OpenMP           2       10        3.343         198.924   0.99932            0.142               21.95
OpenMP           4       10        3.805         105.977   0.99644            0.174               14.79
OpenMP           8       10        4.361         100.315   0.99285            0.233               16.88

Model note: crossover is the intersection of fitted total-call-time lines; raw measured bracketing remains authoritative when the linear fit is poor.
