ThermoGPU PR batch benchmark
Mixture: CH4/C2H6, deterministic varying P/T/z states
Timing: calibrated to ~200 ms/sample; median of 9 samples after warm-up; validation excluded
Spread: min/median/max ns/state; MAD% = median absolute deviation / median
OpenMP max threads at startup: 8
CUDA: enabled (resident-kernel and end-to-end rows)

Backend    Threads      States     Calls    min ns/st    med ns/st    max ns/st      MAD%           EOS/s     Speedup  Status
scalar           1           1    308493        620.2        626.9        655.6      0.60       1.595e+06       1.000        
OpenMP           1           1    108393       1844.3       1850.1       1911.9      0.17       5.405e+05       0.339        
OpenMP           2           1     64159       2979.4       3074.0       3220.7      1.24       3.253e+05       0.204        
OpenMP           4           1     79168       2861.8       2970.2       3223.3      3.65       3.367e+05       0.211        
OpenMP           8           1     47096       4276.3       4721.9       5326.3      6.48       2.118e+05       0.133        
CUDA-res         0           1      6262      26165.1      26464.8      30749.0      1.09       3.779e+04       0.024        
CUDA-e2e         0           1       709     277326.4     278695.1     284358.2      0.47       3.588e+03       0.002        

scalar           1          10     51697        385.1        386.7        399.4      0.31       2.586e+06       1.000        
OpenMP           1          10     35775        557.9        559.1        564.9      0.20       1.789e+06       0.692        
OpenMP           2          10     38405        509.5        514.7        536.9      0.46       1.943e+06       0.751        
OpenMP           4          10     41107        464.9        471.6        488.9      1.42       2.120e+06       0.820        
OpenMP           8          10     36417        533.8        556.4        616.2      3.45       1.797e+06       0.695        
CUDA-res         0          10      6014       3288.9       3296.8       3326.0      0.08       3.033e+05       0.117        
CUDA-e2e         0          10       696      28652.0      28762.8      29996.8      0.23       3.477e+04       0.013        

scalar           1         100      5837        341.9        342.2        343.7      0.06       2.923e+06       1.000        
OpenMP           1         100      4895        408.2        409.0        424.1      0.11       2.445e+06       0.837        
OpenMP           2         100      8357        238.0        239.1        248.9      0.22       4.182e+06       1.431        
OpenMP           4         100     13764        143.7        146.5        149.3      1.67       6.828e+06       2.336        
OpenMP           8         100        78        144.3        173.8       2138.3     16.22       5.755e+06       1.969UNSTABLE
CUDA-res         0         100      5899        335.7        335.9        340.0      0.04       2.977e+06       1.019        
CUDA-e2e         0         100       681       2899.8       2910.1       2918.8      0.19       3.436e+05       0.118        

scalar           1        1000       591        339.4        339.8        342.0      0.03       2.943e+06       1.000        
OpenMP           1        1000       511        393.0        395.1        420.7      0.38       2.531e+06       0.860        
OpenMP           2        1000       955        203.6        204.1        232.5      0.16       4.900e+06       1.665        
OpenMP           4        1000      1755        108.8        109.2        111.2      0.36       9.162e+06       3.113        
OpenMP           8        1000      1829        105.0        107.6        124.9      2.13       9.293e+06       3.157        
CUDA-res         0        1000      5763         34.4         34.4         34.5      0.04       2.903e+07       9.863        
CUDA-e2e         0        1000       629        314.9        319.7        329.6      1.37       3.128e+06       1.063        

scalar           1       10000        60        339.4        340.8        358.9      0.35       2.934e+06       1.000        
OpenMP           1       10000        52        391.8        393.0        401.6      0.27       2.545e+06       0.867        
OpenMP           2       10000        67        209.2        218.8        267.0      4.37       4.571e+06       1.558        
OpenMP           4       10000       132        122.3        129.0        159.0      2.81       7.751e+06       2.642        
OpenMP           8       10000       163        113.0        141.4        159.3      4.34       7.072e+06       2.411        
CUDA-res         0       10000       967         16.4         16.5         18.1      0.36       6.043e+07      20.597        
CUDA-e2e         0       10000       294         67.7         68.9         81.4      1.65       1.452e+07       4.950        

scalar           1      100000         3        511.6        567.2        914.8      3.36       1.763e+06       1.000        
OpenMP           1      100000         4        436.1        470.9        518.9      3.17       2.124e+06       1.205        
OpenMP           2      100000         7        219.1        227.7        252.6      3.30       4.392e+06       2.491        
OpenMP           4      100000        16        123.3        132.5        158.4      2.79       7.548e+06       4.282        
OpenMP           8      100000        16        116.5        124.1        166.1      4.64       8.056e+06       4.569        
CUDA-res         0      100000       147         13.7         13.7         13.7      0.04       7.320e+07      41.522        
CUDA-e2e         0      100000        29         69.1         70.2         70.5      0.52       1.425e+07       8.085        

scalar           1     1000000         1        343.9        368.7        375.1      1.73       2.712e+06       1.000        
OpenMP           1     1000000         1        395.7        408.4        429.4      3.10       2.449e+06       0.903        
OpenMP           2     1000000         1        203.7        207.1        241.9      1.68       4.827e+06       1.780        
OpenMP           4     1000000         2        120.2        120.5        123.2      0.24       8.300e+06       3.060        
OpenMP           8     1000000         2        116.6        117.4        119.0      0.56       8.521e+06       3.142        
CUDA-res         0     1000000        16         13.3         13.3         13.3      0.02       7.533e+07      27.773        
CUDA-e2e         0     1000000         4         56.9         57.1         57.2      0.10       1.752e+07       6.459        

