ThermoGPU PR batch benchmark
Mixture: CH4/C2H6, deterministic varying P/T/z states
Timing: calibrated to ~200 ms/sample; median of 9 samples after warm-up; validation excluded
Spread: min/median/max ns/state; MAD% = median absolute deviation / median
OpenMP max threads at startup: 8
CUDA: enabled (resident-kernel and end-to-end rows)

Backend    Threads      States     Calls    min ns/st    med ns/st    max ns/st      MAD%           EOS/s     Speedup  Status
scalar           1         100      5175        341.6        348.5        374.2      1.64       2.869e+06       1.000        
OpenMP           1         100      3592        409.2        412.1        439.7      0.69       2.427e+06       0.846        
OpenMP           2         100      8338        238.3        246.1        264.6      1.77       4.064e+06       1.417        
OpenMP           4         100     12973        149.5        151.9        171.5      0.80       6.581e+06       2.294        
OpenMP           8         100     13240        147.8        152.7        158.3      2.05       6.547e+06       2.282        
CUDA-res         0         100      4867        336.5        337.4        386.5      0.25       2.964e+06       1.033        
CUDA-e2e         0         100       678       2902.4       2909.4       3009.7      0.18       3.437e+05       0.120        

scalar           1         150      3888        341.9        343.8        360.2      0.41       2.909e+06       1.000        
OpenMP           1         150      3280        405.3        406.0        414.7      0.18       2.463e+06       0.847        
OpenMP           2         150      5755        227.1        228.4        243.4      0.35       4.378e+06       1.505        
OpenMP           4         150      8574        135.0        138.3        158.2      0.92       7.230e+06       2.485        
OpenMP           8         150     10111        132.2        134.4        147.3      1.40       7.438e+06       2.557        
CUDA-res         0         150      4720        230.0        230.2        280.6      0.06       4.345e+06       1.494        
CUDA-e2e         0         150       671       1972.2       1988.0       2112.3      0.52       5.030e+05       0.173        

scalar           1         200      2937        340.1        341.0        350.6      0.27       2.932e+06       1.000        
OpenMP           1         200      2489        401.7        403.0        414.1      0.22       2.481e+06       0.846        
OpenMP           2         200      4509        221.5        223.9        255.5      0.71       4.466e+06       1.523        
OpenMP           4         200      7451        127.2        130.2        167.0      1.97       7.678e+06       2.618        
OpenMP           8         200      5671        122.5        126.3        143.8      2.12       7.921e+06       2.701        
CUDA-res         0         200      5830        169.2        169.3        170.3      0.06       5.906e+06       2.014        
CUDA-e2e         0         200       672       1484.9       1497.9       1505.9      0.54       6.676e+05       0.228        

scalar           1         250      2343        339.5        341.3        348.3      0.31       2.930e+06       1.000        
OpenMP           1         250      2004        400.3        403.6        433.2      0.24       2.477e+06       0.845        
OpenMP           2         250      3707        215.6        216.6        218.9      0.39       4.618e+06       1.576        
OpenMP           4         250      6561        123.4        130.9        181.8      2.79       7.641e+06       2.608        
OpenMP           8         250      6154        120.5        124.2        138.0      3.01       8.049e+06       2.747        
CUDA-res         0         250      5851        135.5        135.6        136.1      0.08       7.373e+06       2.516        
CUDA-e2e         0         250       668       1188.9       1194.9       1211.0      0.18       8.369e+05       0.286        

scalar           1         300      1947        339.9        340.9        347.4      0.25       2.934e+06       1.000        
OpenMP           1         300      1671        399.5        401.9        409.0      0.24       2.488e+06       0.848        
OpenMP           2         300      3114        214.5        219.9        237.0      2.39       4.547e+06       1.550        
OpenMP           4         300      5510        121.5        232.9        264.4      8.44       4.294e+06       1.464        
OpenMP           8         300      4806        118.3        126.3        168.7      4.91       7.916e+06       2.698        
CUDA-res         0         300      4732        113.5        113.8        139.6      0.22       8.784e+06       2.994        
CUDA-e2e         0         300       665        994.7        997.6       1019.2      0.21       1.002e+06       0.342        

scalar           1         400      1480        338.1        338.7        341.5      0.16       2.952e+06       1.000        
OpenMP           1         400      1262        395.9        396.8        414.4      0.12       2.520e+06       0.854        
OpenMP           2         400      2361        209.7        211.3        216.8      0.73       4.733e+06       1.603        
OpenMP           4         400      3382        115.6        117.1        130.3      1.27       8.543e+06       2.894        
OpenMP           8         400      4465        113.2        114.4        119.5      0.95       8.741e+06       2.961        
CUDA-res         0         400      5870         84.2         84.8         85.3      0.49       1.180e+07       3.996        
CUDA-e2e         0         400       663        750.3        754.7        766.9      0.35       1.325e+06       0.449        

scalar           1         500      1184        337.9        338.5        344.3      0.08       2.954e+06       1.000        
OpenMP           1         500       964        395.1        395.8        408.3      0.18       2.527e+06       0.855        
OpenMP           2         500      1843        208.0        208.4        211.2      0.18       4.798e+06       1.624        
OpenMP           4         500      3422        114.4        116.1        138.8      0.66       8.614e+06       2.916        
OpenMP           8         500      3599        112.2        114.1        162.2      1.06       8.768e+06       2.968        
CUDA-res         0         500      5807         68.1         68.2         68.9      0.01       1.467e+07       4.966        
CUDA-e2e         0         500       657        607.3        608.5        620.8      0.07       1.643e+06       0.556        

scalar           1         750       787        337.5        337.9        343.6      0.07       2.959e+06       1.000        
OpenMP           1         750       676        394.0        394.7        398.1      0.14       2.534e+06       0.856        
OpenMP           2         750      1297        205.1        206.1        212.4      0.38       4.852e+06       1.640        
OpenMP           4         750      2385        111.3        112.4        115.8      0.40       8.895e+06       3.006        
OpenMP           8         750      2400        107.3        111.1        121.6      2.76       9.003e+06       3.042        
CUDA-res         0         750      5773         45.8         45.8         45.9      0.04       2.182e+07       7.374        
CUDA-e2e         0         750       647        409.7        410.9        416.4      0.26       2.434e+06       0.822        

scalar           1        1000       592        337.3        338.3        348.9      0.30       2.956e+06       1.000        
OpenMP           1        1000       457        392.8        393.0        399.6      0.05       2.545e+06       0.861        
OpenMP           2        1000       941        203.9        207.4        211.9      0.62       4.822e+06       1.631        
OpenMP           4        1000      1707        110.5        117.1        141.8      3.65       8.543e+06       2.890        
OpenMP           8        1000      1818        106.5        109.0        123.9      1.98       9.178e+06       3.105        
CUDA-res         0        1000      4711         34.4         34.5         40.6      0.08       2.900e+07       9.813        
CUDA-e2e         0        1000       624        314.1        317.8        324.9      1.07       3.146e+06       1.065        

scalar           1        1500       395        337.7        339.8        341.3      0.37       2.943e+06       1.000        
OpenMP           1        1500       339        393.1        393.8        400.7      0.19       2.539e+06       0.863        
OpenMP           2        1500       617        203.0        203.9        210.3      0.22       4.903e+06       1.666        
OpenMP           4        1500      1012        107.5        110.3        113.6      1.47       9.063e+06       3.080        
OpenMP           8        1500      1282        105.6        106.8        110.5      0.61       9.366e+06       3.183        
CUDA-res         0        1500      4884         27.1         27.1         27.4      0.04       3.684e+07      12.518        
CUDA-e2e         0        1500       597        221.6        222.9        225.8      0.37       4.487e+06       1.525        

scalar           1        2000       296        337.2        337.6        345.4      0.12       2.962e+06       1.000        
OpenMP           1        2000       255        392.3        392.4        401.3      0.04       2.548e+06       0.860        
OpenMP           2        2000       495        202.5        202.8        204.9      0.05       4.932e+06       1.665        
OpenMP           4        2000       673        107.2        110.0        122.9      1.84       9.087e+06       3.068        
OpenMP           8        2000       782        103.9        105.6        108.5      0.91       9.472e+06       3.198        
CUDA-res         0        2000      4891         20.3         20.4         20.9      0.37       4.901e+07      16.547        
CUDA-e2e         0        2000       578        172.4        174.5        176.7      0.86       5.732e+06       1.935        

scalar           1        3000       198        337.4        337.7        346.7      0.08       2.961e+06       1.000        
OpenMP           1        3000       170        392.0        392.6        399.5      0.12       2.547e+06       0.860        
OpenMP           2        3000       315        202.0        202.3        210.6      0.16       4.942e+06       1.669        
OpenMP           4        3000       631        106.3        108.6        129.5      1.69       9.210e+06       3.111        
OpenMP           8        3000       633        102.7        103.6        156.3      0.87       9.651e+06       3.260        
CUDA-res         0        3000      3877         17.1         17.1         17.2      0.01       5.832e+07      19.697        
CUDA-e2e         0        3000       516        125.8        126.1        129.3      0.18       7.933e+06       2.679        

scalar           1        4000       149        337.2        339.9        343.0      0.76       2.942e+06       1.000        
OpenMP           1        4000       126        392.2        394.3        398.7      0.49       2.536e+06       0.862        
OpenMP           2        4000       246        201.6        203.3        206.4      0.56       4.920e+06       1.672        
OpenMP           4        4000       470        106.1        107.4        136.7      0.73       9.312e+06       3.165        
OpenMP           8        4000       486        102.3        104.8        180.2      2.06       9.545e+06       3.245        
CUDA-res         0        4000      2464         16.3         16.3         19.1      0.05       6.144e+07      20.887        
CUDA-e2e         0        4000       475        104.1        104.7        105.9      0.33       9.549e+06       3.246        

scalar           1        5000       119        336.8        340.4        347.0      0.87       2.938e+06       1.000        
OpenMP           1        5000       102        391.6        393.8        405.5      0.57       2.539e+06       0.864        
OpenMP           2        5000       199        201.0        202.5        207.2      0.51       4.938e+06       1.681        
OpenMP           4        5000       263        107.9        114.5        124.2      1.06       8.734e+06       2.973        
OpenMP           8        5000       299        106.5        113.2        211.4      4.98       8.835e+06       3.007        
CUDA-res         0        5000      2566         15.5         15.5         15.6      0.04       6.434e+07      21.899        
CUDA-e2e         0        5000       437         91.2         91.6         92.5      0.29       1.091e+07       3.715        

scalar           1        7500        80        336.7        337.0        342.1      0.08       2.968e+06       1.000        
OpenMP           1        7500        68        391.5        391.9        396.0      0.04       2.552e+06       0.860        
OpenMP           2        7500       131        200.3        200.6        215.1      0.13       4.985e+06       1.680        
OpenMP           4        7500       241        104.7        107.8        119.5      0.20       9.278e+06       3.126        
OpenMP           8        7500       263        101.3        106.1        127.2      4.51       9.421e+06       3.174        
CUDA-res         0        7500      1722         15.5         15.5         15.5      0.05       6.455e+07      21.750        
CUDA-e2e         0        7500       355         75.1         75.3         75.5      0.14       1.328e+07       4.475        

scalar           1       10000        60        336.8        338.6        347.9      0.39       2.954e+06       1.000        
OpenMP           1       10000        52        391.2        392.5        398.0      0.34       2.548e+06       0.863        
OpenMP           2       10000       100        200.0        200.5        208.4      0.16       4.988e+06       1.689        
OpenMP           4       10000       177        104.7        105.9        107.4      0.82       9.447e+06       3.198        
OpenMP           8       10000       198        101.3        103.2        132.4      1.72       9.692e+06       3.281        
CUDA-res         0       10000       950         16.4         16.5         18.5      0.22       6.068e+07      20.543        
CUDA-e2e         0       10000       294         66.4         66.6         66.9      0.23       1.501e+07       5.081        

GPU crossover summary: CUDA speedup relative to fastest stable measured CPU backend
States    CPU-best         CPU ns/st      CUDA-res     res/CPU      CUDA-e2e     e2e/CPU
100       OMP4                 151.9         337.4       0.450        2909.4       0.052
150       OMP8                 134.4         230.2       0.584        1988.0       0.068
200       OMP8                 126.3         169.3       0.746        1497.9       0.084
250       OMP8                 124.2         135.6       0.916        1194.9       0.104
300       OMP8                 126.3         113.8       1.110         997.6       0.127
400       OMP8                 114.4          84.8       1.350         754.7       0.152
500       OMP8                 114.1          68.2       1.673         608.5       0.187
750       OMP8                 111.1          45.8       2.424         410.9       0.270
1000      OMP8                 109.0          34.5       3.160         317.8       0.343
1500      OMP8                 106.8          27.1       3.933         222.9       0.479
2000      OMP8                 105.6          20.4       5.175         174.5       0.605
3000      OMP8                 103.6          17.1       6.042         126.1       0.822
4000      OMP8                 104.8          16.3       6.437         104.7       1.000
5000      OMP8                 113.2          15.5       7.282          91.6       1.235
7500      OMP8                 106.1          15.5       6.852          75.3       1.410
10000     OMP8                 103.2          16.5       6.261          66.6       1.548

Crossover note: values > 1 mean CUDA is faster than the measured CPU envelope. Bracket crossover from adjacent measured points around 1; no GPU fit is applied.
