ThermoGPU PR batch benchmark
Mixture: CH4/C2H6, deterministic varying P/T/z states
Timing: calibrated to ~200 ms/sample; median of 9 samples after warm-up; validation excluded
Spread: min/median/max ns/state; MAD% = median absolute deviation / median
OpenMP max threads at startup: 8

Backend    Threads      States     Calls    min ns/st    med ns/st    max ns/st      MAD%           EOS/s     Speedup  Status
scalar           1          10     40008        371.6        375.1        431.3      0.67       2.666e+06       1.000        
OpenMP           1          10     36863        543.7        557.6        592.6      1.71       1.793e+06       0.673        
OpenMP           2          10     38457        506.2        515.2        523.3      0.67       1.941e+06       0.728        
OpenMP           4          10     35497        467.5        481.0        500.4      1.60       2.079e+06       0.780        
OpenMP           8          10     28994        518.2        553.2       1069.7      4.43       1.808e+06       0.678        

scalar           1          15     36018        358.9        359.4        361.4      0.10       2.782e+06       1.000        
OpenMP           1          15     26432        488.2        489.1        494.9      0.15       2.045e+06       0.735        
OpenMP           2          15     30446        420.1        431.0        438.0      0.56       2.320e+06       0.834        
OpenMP           4          15     36911        352.4        358.9        378.7      1.68       2.786e+06       1.001        
OpenMP           8          15     36389        362.3        368.9        422.6      1.78       2.711e+06       0.974        

scalar           1          20     27956        351.6        353.0        364.7      0.40       2.833e+06       1.000        
OpenMP           1          20     21455        460.3        461.4        463.7      0.21       2.167e+06       0.765        
OpenMP           2          20     27798        360.3        366.9        375.1      1.32       2.726e+06       0.962        
OpenMP           4          20     32085        289.9        292.1        294.7      0.68       3.423e+06       1.208        
OpenMP           8          20     31851        316.9        321.1        328.5      0.50       3.115e+06       1.100        

scalar           1          25     23067        347.8        348.7        357.9      0.27       2.868e+06       1.000        
OpenMP           1          25     17954        442.2        443.1        443.9      0.08       2.257e+06       0.787        
OpenMP           2          25     23293        337.2        340.7        344.1      0.39       2.935e+06       1.023        
OpenMP           4          25     30397        263.3        267.1        308.6      1.42       3.744e+06       1.306        
OpenMP           8          25     29254        274.4        279.7        299.3      0.87       3.575e+06       1.247        

scalar           1          30     19434        344.7        345.6        347.1      0.26       2.894e+06       1.000        
OpenMP           1          30     15357        431.3        432.3        439.2      0.21       2.313e+06       0.799        
OpenMP           2          30     21620        304.7        307.3        318.5      0.38       3.254e+06       1.125        
OpenMP           4          30     27809        237.6        240.9        254.8      1.36       4.152e+06       1.435        
OpenMP           8          30     28177        238.7        261.2        395.5      7.84       3.828e+06       1.323        

scalar           1          40     14793        341.2        341.5        366.7      0.06       2.929e+06       1.000        
OpenMP           1          40     11816        418.3        420.1        459.4      0.44       2.380e+06       0.813        
OpenMP           2          40     17379        284.7        285.6        291.0      0.32       3.502e+06       1.196        
OpenMP           4          40     24233        204.4        208.4        231.3      1.82       4.797e+06       1.638        
OpenMP           8          40     24467        201.2        204.5        273.2      1.13       4.891e+06       1.670        

scalar           1          50     11629        338.1        341.9        345.2      0.79       2.925e+06       1.000        
OpenMP           1          50      9648        410.0        413.3        427.8      0.50       2.420e+06       0.827        
OpenMP           2          50     15170        260.1        262.0        274.9      0.66       3.817e+06       1.305        
OpenMP           4          50     20968        183.2        187.9        205.4      1.50       5.323e+06       1.820        
OpenMP           8          50     20361        184.8        191.0        252.6      2.72       5.236e+06       1.790        

scalar           1          60      7186        337.2        339.2        344.9      0.55       2.948e+06       1.000        
OpenMP           1          60      8139        405.5        408.4        412.8      0.57       2.448e+06       0.830        
OpenMP           2          60     12958        250.7        251.5        256.4      0.31       3.976e+06       1.348        
OpenMP           4          60     19581        169.0        170.6        184.4      0.36       5.862e+06       1.988        
OpenMP           8          60     19147        169.0        183.3        234.2      4.74       5.457e+06       1.851        

scalar           1          75      7037        336.2        336.9        342.6      0.19       2.969e+06       1.000        
OpenMP           1          75      6626        399.3        400.9        409.6      0.32       2.494e+06       0.840        
OpenMP           2          75     10769        243.7        246.1        253.0      0.91       4.063e+06       1.369        
OpenMP           4          75     16893        154.9        156.3        165.6      0.51       6.396e+06       2.155        
OpenMP           8          75     16980        156.3        158.6        166.6      1.35       6.307e+06       2.124        

scalar           1         100      5520        334.7        335.1        342.6      0.10       2.984e+06       1.000        
OpenMP           1         100      5030        394.4        395.7        396.0      0.06       2.527e+06       0.847        
OpenMP           2         100      8453        231.1        232.7        251.8      0.68       4.298e+06       1.440        
OpenMP           4         100     11807        143.6        144.6        148.0      0.46       6.917e+06       2.318        
OpenMP           8         100     13092        142.3        143.9        168.4      1.08       6.951e+06       2.329        

